0 0 0 0 0 0 1 1 1 13
0 0 0 1 1 1 0 0 0 15
1 1 1 0 0 0 0 0 0 8
0 0 0.4289 0 0.04289 0.75 0.04289 0.75 0.61396 14.79
0 0.25 0.91421 0.25 0.91421 0.25 0.91421 0.25 0 14.31
0.61396 0.75 0.04289 0.75 0.04289 0 0.04289 0 0 3.81
0 0 1 0 0 1 0 0 1 18
0 1 0 0 1 0 0 1 0 12
1 0 0 1 0 0 1 0 0 6
0.04289 0.75 0.61396 0 0.04289 0.75 0 0 0.04289 10.51
0.91421 0.25 0 0.25 0.91421 0.25 0 0.25 0.91421 16.13
0.04289 0 0 0.75 0.04289 0 0.61396 0.75 0.04289 7.04

5 6 2 1 4
2 1 5 7 1
4 2 1 6 7
1 4 6 1 5
7 2 8 1 3

1 2 3 4 5 6 7 8 9 0
0 1 2 3 4 5 6 7 8 9
9 0 1 2 3 4 5 6 7 8
8 9 0 1 2 3 4 5 6 7
7 8 9 0 1 2 3 4 5 6
6 7 8 9 0 1 2 3 4 5
5 6 7 8 9 0 1 2 3 4
4 5 6 7 8 9 0 1 2 3
3 4 5 6 7 8 9 0 1 2
2 3 4 5 6 7 8 9 0 1
